id_expl,id_planeamento,desig_comercial,tipo_servico_niveis,num_bicicletas,num_docas,racio,estado,update_date,bbox,update_date_hour,update_date_only,longitude,latitude
388,388,109 - Alameda dos Oceanos / Rua Ilha dos Amores,B,11,14,0.79,repair,2023-04-20 01:45:45,"-9.094672, 38.777589, -9.094672, 38.777589",1,2023-04-20,-9.094672,38.777589
210,210,238 - Rua de Cascais / Alcântara Mar,A,0,0,0.0,repair,2022-04-07 11:56:26,"-9.175234, 38.702936, -9.175234, 38.702936",11,2022-04-07,-9.175234,38.702936
351,351,352 - Rua Tomás da Anunciação / Rua Almeida e S.,,0,17,0.0,repair,2022-07-13 15:45:51,"-9.165653, 38.717313, -9.165653, 38.717313",15,2022-07-13,-9.165653,38.717313
412,412,412 - Av. Ressano Garcia / Av. António Augusto de Aguiar,B,1,16,0.06,active,2023-11-17 11:35:10,"-9.1546, 38.73448, -9.1546, 38.73448",11,2023-11-17,-9.1546,38.73448
442,442,442 - Campo Pequeno,A,3,16,0.19,active,2023-11-17 11:35:11,"-9.14523, 38.743371, -9.14523, 38.743371",11,2023-11-17,-9.14523,38.743371
460,460,460 - Av. Rio de Janeiro / Parque de Jogos 1º de Maio,B,4,15,0.27,active,2023-11-17 11:35:12,"-9.13749, 38.75176, -9.13749, 38.75176",11,2023-11-17,-9.13749,38.75176
486,486,486 - Rua Hermano Neves / Rua José Escada,B,0,14,0.0,active,2023-11-17 11:35:21,"-9.16985, 38.75954, -9.16985, 38.75954",11,2023-11-17,-9.16985,38.75954
307,307,307 - Marquês de Pombal,A,16,33,0.48,active,2023-11-17 11:35:21,"-9.149334, 38.724954, -9.149334, 38.724954",11,2023-11-17,-9.149334,38.724954
555,555,555 - Alameda das Linhas de Torres,A,5,33,0.15,active,2023-11-17 11:35:36,"-9.160248, 38.770657, -9.160248, 38.770657",11,2023-11-17,-9.160248,38.770657
103,103,103 - Jardim da Água,B,4,20,0.2,active,2023-11-17 11:35:07,"-9.095019, 38.761218, -9.095019, 38.761218",11,2023-11-17,-9.095019,38.761218
108,108,108 - Rua do Bojador,B,11,14,0.79,active,2023-11-17 11:35:08,"-9.09235, 38.774289, -9.09235, 38.774289",11,2023-11-17,-9.09235,38.774289
430,430,430 - Av. Barbosa Du Bocage / Rua Arco do Cego,B,4,20,0.2,active,2023-11-17 11:35:11,"-9.14329, 38.74081, -9.14329, 38.74081",11,2023-11-17,-9.14329,38.74081
415,415,415 - Av. Duque de Ávila / Av. Conde Valbom,B,4,20,0.2,active,2023-11-17 11:35:12,"-9.148443, 38.735188, -9.148443, 38.735188",11,2023-11-17,-9.148443,38.735188
488,488,488 - Rua Fernando Namora / Rua António Quadros,B,3,20,0.15,active,2023-11-17 11:35:21,"-9.17526, 38.76014, -9.17526, 38.76014",11,2023-11-17,-9.17526,38.76014
490,490,490 - Rua Fernando Namora / Azinhaga da Torre do Fato,A,2,16,0.13,active,2023-11-17 11:35:23,"-9.17849, 38.76026, -9.17849, 38.76026",11,2023-11-17,-9.17849,38.76026
361,361,361 - Amoreiras Shopping Center,A,5,31,0.16,active,2023-11-17 11:35:39,"-9.160992, 38.72392, -9.160992, 38.72392",11,2023-11-17,-9.160992,38.72392
508,508,508 - Estação de Comboios de Benfica,A,0,23,0.0,active,2023-11-17 11:35:40,"-9.200039, 38.74473, -9.200039, 38.74473",11,2023-11-17,-9.200039,38.74473
352,352,352 - Rua Tomás da Anunciação / Rua Almeida e S.,A,5,17,0.29,active,2023-11-17 11:35:42,"-9.165653, 38.717313, -9.165653, 38.717313",11,2023-11-17,-9.165653,38.717313
110,110,110 - Rua de Moscavide,B,1,18,0.06,active,2023-11-17 11:35:08,"-9.097068, 38.778466, -9.097068, 38.778466",11,2023-11-17,-9.097068,38.778466
464,464,464 - Av. da Igreja / Rua Afonso Lopes Vieira,B,1,14,0.07,active,2023-11-17 11:35:09,"-9.148427, 38.75165, -9.148427, 38.75165",11,2023-11-17,-9.148427,38.75165
426,426,426 - Av. Elias Garcia / Av. 5 de Outubro,B,1,14,0.07,active,2023-11-17 11:35:11,"-9.14793, 38.739046, -9.14793, 38.739046",11,2023-11-17,-9.14793,38.739046
417,417,417 - Av. Duque de Ávila / Jardim Arco Do Cego,A,6,23,0.26,active,2023-11-17 11:35:13,"-9.142703, 38.735352, -9.142703, 38.735352",11,2023-11-17,-9.142703,38.735352
218,218,218 - Cais do Sodré,A,7,22,0.32,active,2023-11-17 11:35:24,"-9.14471, 38.70617, -9.14471, 38.70617",11,2023-11-17,-9.14471,38.70617
362,362,362 - Avenida Eng. Duarte Pacheco,A,6,40,0.15,active,2023-11-17 11:35:39,"-9.159469, 38.72437, -9.159469, 38.72437",11,2023-11-17,-9.159469,38.72437
510,510,510 - Largo da Revista Militar / Avenida do Colégio Militar,A,8,17,0.47,active,2023-11-17 11:35:40,"-9.189058, 38.752892, -9.189058, 38.752892",11,2023-11-17,-9.189058,38.752892
514,514,514 - Avenida do Colegio Militar / Rua Adelaide Cabete,A,6,17,0.35,active,2023-11-17 11:35:43,"-9.185588, 38.75736, -9.185588, 38.75736",11,2023-11-17,-9.185588,38.75736
308,308,308 - Marquês de Pombal,A,10,11,0.91,repair,2023-11-17 11:35:47,"-9.14969, 38.7246, -9.14969, 38.7246",11,2023-11-17,-9.14969,38.7246
452,452,452 - Rua Teixeira de Pascoais / Rua Dr. Gama Barros,B,1,10,0.1,active,2023-11-17 11:35:08,"-9.136681, 38.747751, -9.136681, 38.747751",11,2023-11-17,-9.136681,38.747751
449,449,449 - Av. 5 de Outubro / Rua da Cruz Vermelha,B,3,14,0.21,active,2023-11-17 11:35:11,"-9.150085, 38.746836, -9.150085, 38.746836",11,2023-11-17,-9.150085,38.746836
413,413,413 - Av. Ressano Garcia / Av. António Augusto de Aguiar,B,1,10,0.1,active,2023-11-17 11:35:13,"-9.15425, 38.73432, -9.15425, 38.73432",11,2023-11-17,-9.15425,38.73432
443,443,443 - Av. de Roma / Fórum Lisboa,B,0,14,0.0,active,2023-11-17 11:35:22,"-9.13866, 38.74351, -9.13866, 38.74351",11,2023-11-17,-9.13866,38.74351
216,216,216 - Praça D. Luís I,A,16,21,0.76,active,2023-11-17 11:35:24,"-9.14655, 38.70663, -9.14655, 38.70663",11,2023-11-17,-9.14655,38.70663
517,517,517 - Rua Padre Américo,A,1,19,0.05,active,2023-11-17 11:35:40,"-9.180437, 38.763505, -9.180437, 38.763505",11,2023-11-17,-9.180437,38.763505
521,521,521 - Rua César de Oliveira / Rua Fernando Lopes Graça,A,4,22,0.18,active,2023-11-17 11:35:43,"-9.17386, 38.769044, -9.17386, 38.769044",11,2023-11-17,-9.17386,38.769044
435,435,435 - Interface de Sete Rios,A,4,43,0.09,active,2023-11-17 11:35:44,"-9.166955, 38.740579, -9.166955, 38.740579",11,2023-11-17,-9.166955,38.740579
457,457,457 - Rua Aboim Ascensão,B,1,10,0.1,active,2023-11-17 11:35:08,"-9.14722, 38.74975, -9.14722, 38.74975",11,2023-11-17,-9.14722,38.74975
450,450,450 - Rua Alfredo Cortês,B,3,10,0.3,active,2023-11-17 11:35:12,"-9.14399, 38.74626, -9.14399, 38.74626",11,2023-11-17,-9.14399,38.74626
473,473,473 - Av. do Brasil / Av. de Roma,B,5,14,0.36,active,2023-11-17 11:35:14,"-9.14697, 38.75643, -9.14697, 38.75643",11,2023-11-17,-9.14697,38.75643
114,114,114 - Via do Oriente,B,2,10,0.2,active,2023-11-17 11:35:22,"-9.09974, 38.78836, -9.09974, 38.78836",11,2023-11-17,-9.09974,38.78836
462,462,462 - Campo Grande / Biblioteca Nacional,B,9,29,0.31,active,2023-11-17 11:35:24,"-9.15031, 38.75027, -9.15031, 38.75027",11,2023-11-17,-9.15031,38.75027
364,364,364 -Rua D.francisco M. de melo / Rua artilharia 1,A,1,14,0.07,active,2023-11-17 11:35:41,"-9.159369, 38.728263, -9.159369, 38.728263",11,2023-11-17,-9.159369,38.728263
209,209,209 - Ribeira das Naus,A,4,27,0.15,active,2023-11-17 11:35:44,"-9.141466, 38.705954, -9.141466, 38.705954",11,2023-11-17,-9.141466,38.705954
506,506,506 - Rua Tenente Coronel Reibeiro dos Reis/Rua Conde de Almoster,A,3,17,0.18,active,2023-11-17 11:35:45,"-9.190028, 38.745181, -9.190028, 38.745181",11,2023-11-17,-9.190028,38.745181
481,481,481 - Campo Grande / Museu da Cidade,B,3,20,0.15,active,2023-11-17 11:35:09,"-9.156169, 38.758207, -9.156169, 38.758207",11,2023-11-17,-9.156169,38.758207
453,453,453 - Av. Roma / Av. EUA,B,3,14,0.21,active,2023-11-17 11:35:13,"-9.14207, 38.74873, -9.14207, 38.74873",11,2023-11-17,-9.14207,38.74873
408,408,408 - Praça Duque de Saldanha,A,2,10,0.2,active,2023-11-17 11:35:15,"-9.144117, 38.733749, -9.144117, 38.733749",11,2023-11-17,-9.144117,38.733749
224,224,224 - Martim Moniz,A,13,22,0.59,active,2023-11-17 11:35:22,"-9.13651, 38.71498, -9.13651, 38.71498",11,2023-11-17,-9.13651,38.71498
401,401,401 - Rua Martens Ferrão / Av. Fontes Pereira de Melo,B,3,16,0.19,active,2023-11-17 11:35:25,"-9.14742, 38.72894, -9.14742, 38.72894",11,2023-11-17,-9.14742,38.72894
519,519,519 - Rua Prof. Pulido Valente / Rua Prof. Mário ,A,1,25,0.04,active,2023-11-17 11:35:42,"-9.1691, 38.763204, -9.1691, 38.763204",11,2023-11-17,-9.1691,38.763204
516,516,516 - Rua Professor Carlos Teixeira / Rua Professor Simões Raposo,A,1,16,0.06,active,2023-11-17 11:35:45,"-9.174872, 38.76217, -9.174872, 38.76217",11,2023-11-17,-9.174872,38.76217
280,280,280 - HUB Criativo do Beato Poente,A,6,16,0.38,active,2023-11-17 11:35:47,"-9.106709, 38.729739, -9.106709, 38.729739",11,2023-11-17,-9.106709,38.729739
414,414,414 - Av. Duque de Ávila / Rua Pinheiro Chagas,B,3,19,0.16,active,2023-11-17 11:35:09,"-9.151, 38.735, -9.151, 38.735",11,2023-11-17,-9.151,38.735
459,459,459 - Rua Maria Amália Vaz de Carvalho / ES Rainha D. Leonor,B,3,20,0.15,active,2023-11-17 11:35:14,"-9.141741, 38.751481, -9.141741, 38.751481",11,2023-11-17,-9.141741,38.751481
406,406,406 - Praça Duque de Saldanha,A,5,17,0.29,active,2023-11-17 11:35:15,"-9.145341, 38.734247, -9.145341, 38.734247",11,2023-11-17,-9.145341,38.734247
225,225,225 - Martim Moniz,A,7,16,0.44,active,2023-11-17 11:35:22,"-9.13694, 38.71526, -9.13694, 38.71526",11,2023-11-17,-9.13694,38.71526
410,410,410 - Rua da Mesquita / Universidade Nova de Lisboa,B,9,40,0.23,active,2023-11-17 11:35:26,"-9.16015, 38.73492, -9.16015, 38.73492",11,2023-11-17,-9.16015,38.73492
237,237,237 - Avenida da India / Praca das Industrias,A,2,30,0.07,active,2023-11-17 11:35:43,"-9.182262, 38.699093, -9.182262, 38.699093",11,2023-11-17,-9.182262,38.699093
437,437,437 - Avenida Columbano Bordalo Pinheiro / Rua de Campolide,A,1,17,0.06,active,2023-11-17 11:35:45,"-9.166589, 38.739427, -9.166589, 38.739427",11,2023-11-17,-9.166589,38.739427
232,232,232 - Avenida da Índia / Centro de Arqueologia de Lisboa,A,0,22,0.0,repair,2023-11-17 11:35:48,"-9.212149, 38.694155, -9.212149, 38.694155",11,2023-11-17,-9.212149,38.694155
468,468,468 - Largo Frei Heitor Pinto,B,2,21,0.1,active,2023-11-17 11:35:09,"-9.13827, 38.75482, -9.13827, 38.75482",11,2023-11-17,-9.13827,38.75482
423,423,423 - Av. Conde Valbom / Rua Marquês Sá da Bandeira,B,1,10,0.1,active,2023-11-17 11:35:14,"-9.152295, 38.737911, -9.152295, 38.737911",11,2023-11-17,-9.152295,38.737911
403,403,403 - Av. Fontes Pereira de Melo,B,12,20,0.6,active,2023-11-17 11:35:17,"-9.146522, 38.731698, -9.146522, 38.731698",11,2023-11-17,-9.146522,38.731698
419,419,419 - Av. António José de Almeida / Instituto Superior Técnico,B,9,25,0.36,active,2023-11-17 11:35:23,"-9.13956, 38.73811, -9.13956, 38.73811",11,2023-11-17,-9.13956,38.73811
456,456,456 - Entrecampos / Av. das Forças Armadas,A,12,41,0.29,active,2023-11-17 11:35:27,"-9.14872, 38.74877, -9.14872, 38.74877",11,2023-11-17,-9.14872,38.74877
109,109,109 - Alameda dos Oceanos / Rua Ilha dos Amores,,2,14,0.14,active,2023-11-17 11:35:46,"-9.094686, 38.777548, -9.094686, 38.777548",11,2023-11-17,-9.094686,38.777548
235,235,235 - Avenida da India / Travessa da Galeotas,A,0,30,0.0,repair,2023-11-17 11:35:48,"-9.192735, 38.697187, -9.192735, 38.697187",11,2023-11-17,-9.192735,38.697187
472,472,472 - Rua Marquês Soveral / ES Padre António Vieira,B,0,14,0.0,active,2023-11-17 11:35:12,"-9.13608, 38.75784, -9.13608, 38.75784",11,2023-11-17,-9.13608,38.75784
474,474,474 - Av. do Brasil / Av. Rio de Janeiro,A,3,15,0.2,active,2023-11-17 11:35:14,"-9.1409, 38.75832, -9.1409, 38.75832",11,2023-11-17,-9.1409,38.75832
416,416,416 - Av. República / Avenida Duque de Ávila,A,1,16,0.06,active,2023-11-17 11:35:17,"-9.14553, 38.735304, -9.14553, 38.735304",11,2023-11-17,-9.14553,38.735304
212,212,212 - Av. Infante Dom Henrique / Terminal de Cruzeiros,B,12,20,0.6,active,2023-11-17 11:35:23,"-9.12769, 38.71035, -9.12769, 38.71035",11,2023-11-17,-9.12769,38.71035
215,215,215 - Av. 24 de Julho,B,0,17,0.0,repair,2023-11-17 11:35:47,"-9.14949, 38.70662, -9.14949, 38.70662",11,2023-11-17,-9.14949,38.70662
231,231,231 - Largo Luís Alves Miguel / Rua Fernão Mendes Pinto,A,0,11,0.0,repair,2023-11-17 11:35:48,"-9.219675, 38.695342, -9.219675, 38.695342",11,2023-11-17,-9.219675,38.695342
463,463,463 - Campo Grande / Av. da Igreja,B,1,10,0.1,active,2023-11-17 11:35:15,"-9.14951, 38.75243, -9.14951, 38.75243",11,2023-11-17,-9.14951,38.75243
115,115,115 - Passeio dos Heróis do Mar / Rua Capitão Cook,A,22,29,0.76,active,2023-11-17 11:35:17,"-9.09781, 38.793, -9.09781, 38.793",11,2023-11-17,-9.09781,38.793
432,432,432 - Praça de Londres,B,0,10,0.0,active,2023-11-17 11:35:23,"-9.1377, 38.7407, -9.1377, 38.7407",11,2023-11-17,-9.1377,38.7407
222,222,222 - Praça da Figueira,A,12,30,0.4,active,2023-11-17 11:35:28,"-9.13828, 38.71383, -9.13828, 38.71383",11,2023-11-17,-9.13828,38.71383
230,230,230 - Praca D. Manuel I,A,0,37,0.0,repair,2023-11-17 11:35:48,"-9.226483, 38.697909, -9.226483, 38.697909",11,2023-11-17,-9.226483,38.697909
241,241,241 - Largo Luís Alves Miguel / Rua Fernão Mendes Pinto,A,0,11,0.0,repair,2023-11-17 11:35:49,"-9.214902, 38.694942, -9.214902, 38.694942",11,2023-11-17,-9.214902,38.694942
407,407,407 - Praça Duque de Saldanha,A,6,18,0.33,active,2023-11-17 11:35:15,"-9.14446, 38.73434, -9.14446, 38.73434",11,2023-11-17,-9.14446,38.73434
421,421,421 - Alameda D. Afonso Henriques,A,5,20,0.25,active,2023-11-17 11:35:18,"-9.13416, 38.73736, -9.13416, 38.73736",11,2023-11-17,-9.13416,38.73736
483,483,483 - Rua Professor Francisco Lucas Pires ,B,2,15,0.13,active,2023-11-17 11:35:25,"-9.16405, 38.75939, -9.16405, 38.75939",11,2023-11-17,-9.16405,38.75939
475,475,475 - Av. Professor Gama Pinto / Cantina Velha,B,21,41,0.51,active,2023-11-17 11:35:28,"-9.15907, 38.75115, -9.15907, 38.75115",11,2023-11-17,-9.15907,38.75115
428,428,428 - Av. República / Avenida Barbosa Du Bocage,A,1,12,0.08,active,2023-11-17 11:35:16,"-9.14684, 38.74047, -9.14684, 38.74047",11,2023-11-17,-9.14684,38.74047
420,420,420 - Av. Rovisco Pais / Av. Manuel da Maia,B,1,26,0.04,active,2023-11-17 11:35:18,"-9.13672, 38.73617, -9.13672, 38.73617",11,2023-11-17,-9.13672,38.73617
214,214,214 - Largo de Santos,A,11,24,0.46,active,2023-11-17 11:35:25,"-9.15424, 38.70673, -9.15424, 38.70673",11,2023-11-17,-9.15424,38.70673
226,226,226 - Rua dos Fanqueiros,A,12,13,0.92,repair,2023-11-17 11:35:48,"-9.136456, 38.711888, -9.136456, 38.711888",11,2023-11-17,-9.136456,38.711888
427,427,427 - Av. República / Av. Visconde Valmor,A,1,12,0.08,active,2023-11-17 11:35:16,"-9.14617, 38.73812, -9.14617, 38.73812",11,2023-11-17,-9.14617,38.73812
484,484,484 - Rua Professor Vieira de Almeida,A,1,22,0.05,active,2023-11-17 11:35:18,"-9.16658, 38.76081, -9.16658, 38.76081",11,2023-11-17,-9.16658,38.76081
208,208,208 - Cais das Pombas,A,17,22,0.77,active,2023-11-17 11:35:26,"-9.14373, 38.70523, -9.14373, 38.70523",11,2023-11-17,-9.14373,38.70523
314,314,314 - Rua Marques da Silva / Rua António Pedro,A,5,12,0.42,active,2023-11-17 11:35:35,"-9.135675, 38.729657, -9.135675, 38.729657",11,2023-11-17,-9.135675,38.729657
446,446,446 - Av. República / Interface Entrecampos ,A,5,40,0.13,active,2023-11-17 11:35:16,"-9.14773, 38.74456, -9.14773, 38.74456",11,2023-11-17,-9.14773,38.74456
485,485,485 - Rua Tomás da Fonseca / Rua António Albino Machado,B,0,10,0.0,active,2023-11-17 11:35:18,"-9.17, 38.756, -9.17, 38.756",11,2023-11-17,-9.17,38.756
433,433,433 - Av. Paris / Av. Almirante Reis,B,2,14,0.14,active,2023-11-17 11:35:26,"-9.13409, 38.74095, -9.13409, 38.74095",11,2023-11-17,-9.13409,38.74095
315,315,315 - Rua Passos Manuel/ Jardim Constantino,A,1,20,0.05,active,2023-11-17 11:35:35,"-9.136968, 38.731264, -9.136968, 38.731264",11,2023-11-17,-9.136968,38.731264
471,471,471 - Rua Lopes de Mendonça / EB São João de Brito,B,0,10,0.0,active,2023-11-17 11:35:17,"-9.137337, 38.756487, -9.137337, 38.756487",11,2023-11-17,-9.137337,38.756487
113,113,113 - Alameda dos Oceanos/ Passeio do Levante,B,2,14,0.14,active,2023-11-17 11:35:27,"-9.09825, 38.78414, -9.09825, 38.78414",11,2023-11-17,-9.09825,38.78414
301,301,301 - Avenida da Liberdade / Restauradores,A,4,21,0.19,active,2023-11-17 11:35:27,"-9.14242, 38.71702, -9.14242, 38.71702",11,2023-11-17,-9.14242,38.71702
316,316,316 - Rua António Pedro / Rua Pascoal de Melo,A,7,14,0.5,active,2023-11-17 11:35:36,"-9.135356, 38.731424, -9.135356, 38.731424",11,2023-11-17,-9.135356,38.731424
309,309,309 - Rua da Palma,B,9,10,0.9,active,2023-11-17 11:35:19,"-9.13577, 38.71901, -9.13577, 38.71901",11,2023-11-17,-9.13577,38.71901
205,205,205 - Av. Brasília / Cordoaria,B,0,10,0.0,active,2023-11-17 11:35:28,"-9.188, 38.697, -9.188, 38.697",11,2023-11-17,-9.188,38.697
507,507,507 - Rua José dos Santos Pereira / Rua Conde de Almoster,A,1,17,0.06,active,2023-11-17 11:35:42,"-9.193024, 38.744727, -9.193024, 38.744727",11,2023-11-17,-9.193024,38.744727
203,203,203 - Padrão dos Descobrimentos,A,5,22,0.23,repair,2023-11-17 11:35:48,"-9.20633, 38.6935, -9.20633, 38.6935",11,2023-11-17,-9.20633,38.6935
219,219,219 - Praça do Município,A,17,22,0.77,active,2023-11-17 11:35:19,"-9.13951, 38.70797, -9.13951, 38.70797",11,2023-11-17,-9.13951,38.70797
206,206,206 - Av. Brasília / Doca de Alcântara,A,3,22,0.14,active,2023-11-17 11:35:28,"-9.17502, 38.70141, -9.17502, 38.70141",11,2023-11-17,-9.17502,38.70141
479,479,479 - Rua Professor Oliveira Marques,B,10,13,0.77,active,2023-11-17 11:35:29,"-9.15724, 38.75491, -9.15724, 38.75491",11,2023-11-17,-9.15724,38.75491
520,520,520 - Lispolis,A,0,23,0.0,active,2023-11-17 11:35:43,"-9.182513, 38.766995, -9.182513, 38.766995",11,2023-11-17,-9.182513,38.766995
304,304,304 - Avenida da Liberdade / São Jorge,A,5,16,0.31,active,2023-11-17 11:35:19,"-9.14637, 38.72026, -9.14637, 38.72026",11,2023-11-17,-9.14637,38.72026
213,213,213 - Av. Infante Dom Henrique / Santa Apolónia,A,13,32,0.41,active,2023-11-17 11:35:28,"-9.122548, 38.713416, -9.122548, 38.713416",11,2023-11-17,-9.122548,38.713416
461,461,461 - Rua Professora Teresa Ambrósio,B,15,32,0.47,active,2023-11-17 11:35:29,"-9.155564, 38.749141, -9.155564, 38.749141",11,2023-11-17,-9.155564,38.749141
211,211,211 - Doca da Marinha,A,23,40,0.58,active,2023-11-17 11:35:45,"-9.132463, 38.707751, -9.132463, 38.707751",11,2023-11-17,-9.132463,38.707751
305,305,305 - Avenida da Liberdade / Rua Barata Salgueiro,A,9,16,0.56,active,2023-11-17 11:35:20,"-9.147, 38.72228, -9.147, 38.72228",11,2023-11-17,-9.147,38.72228
480,480,480 - Faculdade de Ciências,B,24,25,0.96,active,2023-11-17 11:35:29,"-9.15503, 38.75587, -9.15503, 38.75587",11,2023-11-17,-9.15503,38.75587
223,223,223 - Praça do Rossio,A,3,21,0.14,active,2023-11-17 11:35:34,"-9.138952, 38.713112, -9.138952, 38.713112",11,2023-11-17,-9.138952,38.713112
503,503,503 - Rua Conde de Almoster / Rua Carlos Pereira,A,1,12,0.08,active,2023-11-17 11:35:47,"-9.178764, 38.74266, -9.178764, 38.74266",11,2023-11-17,-9.178764,38.74266
306,306,306 - Avenida da Liberdade / Rua Alexandre Herculano,A,14,16,0.88,active,2023-11-17 11:35:20,"-9.14854, 38.72281, -9.14854, 38.72281",11,2023-11-17,-9.14854,38.72281
476,476,476 - Av. Professor Gama Pinto / Reitoria,B,0,23,0.0,active,2023-11-17 11:35:30,"-9.15885, 38.75231, -9.15885, 38.75231",11,2023-11-17,-9.15885,38.75231
137,137,137 - Rua Cidade de Bissau (entrada SPACIO),A,24,33,0.73,active,2023-11-17 11:35:34,"-9.114505, 38.762829, -9.114505, 38.762829",11,2023-11-17,-9.114505,38.762829
431,431,431 - Rua do Arco Cego / Av. Magalhães Lima,B,2,14,0.14,active,2023-11-17 11:35:10,"-9.14199, 38.73937, -9.14199, 38.73937",11,2023-11-17,-9.14199,38.73937
487,487,487 - Rua Professor João Barreira,B,1,14,0.07,active,2023-11-17 11:35:21,"-9.17096, 38.76136, -9.17096, 38.76136",11,2023-11-17,-9.17096,38.76136
478,478,478 - Alameda da Universidade / Faculdade de Letras,B,6,32,0.19,active,2023-11-17 11:35:30,"-9.15717, 38.75359, -9.15717, 38.75359",11,2023-11-17,-9.15717,38.75359
313,313,313 - Rua Frei Francisco Foreiro / Rua de Arroios,A,0,14,0.0,active,2023-11-17 11:35:35,"-9.135956, 38.728049, -9.135956, 38.728049",11,2023-11-17,-9.135956,38.728049
477,477,477 - Alameda da Universidade / Faculdade de Direito,B,9,24,0.38,active,2023-11-17 11:35:31,"-9.15671, 38.75264, -9.15671, 38.75264",11,2023-11-17,-9.15671,38.75264
133,133,133 - Rua Cidade de Benguela / Avenida Cidade de L,A,12,18,0.67,active,2023-11-17 11:35:32,"-9.110724, 38.76503, -9.110724, 38.76503",11,2023-11-17,-9.110724,38.76503
151,151,151 - Rua Contra Almirante Ferraz / Escola Sec.António Damásio,A,11,24,0.46,active,2023-11-17 11:35:36,"-9.108728, 38.770434, -9.108728, 38.770434",11,2023-11-17,-9.108728,38.770434
134,134,134 - Praça Cidade do Luso,A,11,20,0.55,active,2023-11-17 11:35:31,"-9.116342, 38.765588, -9.116342, 38.765588",11,2023-11-17,-9.116342,38.765588
131,131,131 - Avenida de Berlim / Praça Baden Powell,A,15,21,0.71,active,2023-11-17 11:35:32,"-9.110767, 38.768137, -9.110767, 38.768137",11,2023-11-17,-9.110767,38.768137
366,366,366 - Palacio da justiça,A,2,30,0.07,active,2023-11-17 11:35:37,"-9.156435, 38.731134, -9.156435, 38.731134",11,2023-11-17,-9.156435,38.731134
104,104,104 - Gare do Oriente,A,22,40,0.55,active,2023-11-17 11:35:06,"-9.097322, 38.766716, -9.097322, 38.766716",11,2023-11-17,-9.097322,38.766716
132,132,132 - Avenida de Berlim / Rua Cidade de Cabinda,A,15,25,0.6,active,2023-11-17 11:35:31,"-9.11255, 38.76829, -9.11255, 38.76829",11,2023-11-17,-9.11255,38.76829
552,552,552 - Alameda das Linhas de Torres / Hospital Puli,A,7,12,0.58,active,2023-11-17 11:35:32,"-9.157335, 38.766075, -9.157335, 38.766075",11,2023-11-17,-9.157335,38.766075
310,310,310 - Rua Pina Manique / Largo do Intendente ,A,9,17,0.53,active,2023-11-17 11:35:37,"-9.134847, 38.720733, -9.134847, 38.720733",11,2023-11-17,-9.134847,38.720733
150,150,150 - Avenida Dr. Francisco Luis Gomes / Go Fit,A,9,17,0.53,active,2023-11-17 11:35:31,"-9.111745, 38.769665, -9.111745, 38.769665",11,2023-11-17,-9.111745,38.769665
556,556,556 - Alamedas das Linhas de Torres / Estrada da T,A,2,11,0.18,active,2023-11-17 11:35:33,"-9.161462, 38.773489, -9.161462, 38.773489",11,2023-11-17,-9.161462,38.773489
553,553,553 - Rua Luis Pastor de Macedo / Rua Tobis Portuguesa,A,1,12,0.08,active,2023-11-17 11:35:39,"-9.15535, 38.767114, -9.15535, 38.767114",11,2023-11-17,-9.15535,38.767114
550,550,550 - Rua Fernando Curado Ribeiro / Alameda das Li,A,2,20,0.1,active,2023-11-17 11:35:32,"-9.156487, 38.760871, -9.156487, 38.760871",11,2023-11-17,-9.156487,38.760871
551,551,551 - Rua Francisco Stromp / Alameda das Linhas de,A,2,20,0.1,active,2023-11-17 11:35:33,"-9.157235, 38.762584, -9.157235, 38.762584",11,2023-11-17,-9.157235,38.762584
365,365,365 - Rua Castilho / Rua Marquês da Fronteira,A,2,30,0.07,active,2023-11-17 11:35:39,"-9.157531, 38.729724, -9.157531, 38.729724",11,2023-11-17,-9.157531,38.729724
554,554,554 - Alameda das Linhas de Torres / Rua Ladislau,A,7,27,0.26,active,2023-11-17 11:35:33,"-9.158298, 38.768683, -9.158298, 38.768683",11,2023-11-17,-9.158298,38.768683
221,221,221 - Rua do Crucifixo / Rua São Nicolau,A,5,15,0.33,active,2023-11-17 11:35:36,"-9.138828, 38.710191, -9.138828, 38.710191",11,2023-11-17,-9.138828,38.710191
518,518,518 - Avenida das Nações Unidas / Azinhaga da Torre do Fato,A,1,20,0.05,active,2023-11-17 11:35:41,"-9.177955, 38.764097, -9.177955, 38.764097",11,2023-11-17,-9.177955,38.764097
105,105,105 - CC Vasco da Gama,A,29,40,0.73,active,2023-11-17 11:35:06,"-9.096222, 38.768548, -9.096222, 38.768548",11,2023-11-17,-9.096222,38.768548
135,135,135 - Avenida Cidade de Lourenço Marques / Vale do,A,4,20,0.2,active,2023-11-17 11:35:33,"-9.118689, 38.764067, -9.118689, 38.764067",11,2023-11-17,-9.118689,38.764067
130,130,130 - Avenida Berlim / Rua Américo Jesus Fernandes,A,6,20,0.3,active,2023-11-17 11:35:37,"-9.106858, 38.767761, -9.106858, 38.767761",11,2023-11-17,-9.106858,38.767761
238,238,238 - Rua de Cascais / Alcântara Mar,A,6,23,0.26,active,2023-11-17 11:35:41,"-9.175234, 38.702936, -9.175234, 38.702936",11,2023-11-17,-9.175234,38.702936
220,220,220 - Rua do Comercio,A,17,20,0.85,active,2023-11-17 11:35:34,"-9.137125, 38.70878, -9.137125, 38.70878",11,2023-11-17,-9.137125,38.70878
363,363,363 - Rua de campolide / Rua marques da fronteira,A,7,14,0.5,active,2023-11-17 11:35:41,"-9.162216, 38.727094, -9.162216, 38.727094",11,2023-11-17,-9.162216,38.727094
513,513,513 - Rua Guiomar Torresão/Metro de Carnide,A,2,20,0.1,active,2023-11-17 11:35:44,"-9.19216, 38.758691, -9.19216, 38.758691",11,2023-11-17,-9.19216,38.758691
139,139,139 - Rua Cidade de Bissau (Metro Olivais),A,7,25,0.28,active,2023-11-17 11:35:34,"-9.111596, 38.76134, -9.111596, 38.76134",11,2023-11-17,-9.111596,38.76134
509,509,509 - Centro Comercial Fonte Nova,A,9,17,0.53,active,2023-11-17 11:35:42,"-9.190007, 38.748901, -9.190007, 38.748901",11,2023-11-17,-9.190007,38.748901
242,242,242 - Avenida Torre de Belém / Avenida do Restelo,A,0,19,0.0,repair,2023-11-17 11:35:48,"-9.214206, 38.699318, -9.214206, 38.699318",11,2023-11-17,-9.214206,38.699318
311,311,311 - Avenida Almirante Reis Nº14,A,3,11,0.27,active,2023-11-17 11:35:35,"-9.135295, 38.721721, -9.135295, 38.721721",11,2023-11-17,-9.135295,38.721721
436,436,436 - Instituto Português de Oncologia,A,4,17,0.24,active,2023-11-17 11:35:44,"-9.162447, 38.739395, -9.162447, 38.739395",11,2023-11-17,-9.162447,38.739395
101,101,101 - Alameda dos Oceanos / Rua dos Argonautas,A,10,16,0.63,active,2023-11-17 11:35:06,"-9.096804, 38.756161, -9.096804, 38.756161",11,2023-11-17,-9.096804,38.756161
312,312,312 - Rua Álvaro Coutinho / Avenida Almirante Reis,A,2,18,0.11,active,2023-11-17 11:35:38,"-9.134802, 38.724869, -9.134802, 38.724869",11,2023-11-17,-9.134802,38.724869
511,511,511 - Avenida do Uruguai,A,1,27,0.04,active,2023-11-17 11:35:46,"-9.196294, 38.753789, -9.196294, 38.753789",11,2023-11-17,-9.196294,38.753789
281,281,281 - HUB Criativo do Beato Nascente,A,8,26,0.31,active,2023-11-17 11:35:46,"-9.105308, 38.731578, -9.105308, 38.731578",11,2023-11-17,-9.105308,38.731578
502,502,502 - Rua São Domingos de Benfica / Rua Francisco Gentil Martins,A,5,16,0.31,active,2023-11-17 11:35:47,"-9.176365, 38.741406, -9.176365, 38.741406",11,2023-11-17,-9.176365,38.741406
112,112,112 - Alameda dos Oceanos / Passeio das Garças,B,1,14,0.07,active,2023-11-17 11:35:27,"-9.09622, 38.78069, -9.09622, 38.78069",11,2023-11-17,-9.09622,38.78069
102,102,102 - Porta do Mar,B,6,14,0.43,active,2023-11-17 11:35:06,"-9.096439, 38.759156, -9.096439, 38.759156",11,2023-11-17,-9.096439,38.759156
106,106,106 - Jardim Garcia da Orta,B,4,14,0.29,active,2023-11-17 11:35:07,"-9.092506, 38.769459, -9.092506, 38.769459",11,2023-11-17,-9.092506,38.769459
107,107,107 - Rotunda dos Vice-Reis,B,3,14,0.21,active,2023-11-17 11:35:07,"-9.095416, 38.774505, -9.095416, 38.774505",11,2023-11-17,-9.095416,38.774505
